scene
DANCE, MY PRETTIES
800
800
vertex
0
87.0000000
371.000000
0.000000000
vertex
1
213.000000
216.000000
-50.8922272
vertex
2
429.232635
429.329468
44.6127739
vertex
3
390.000000
219.000000
0.000000000
vertex
4
398.300171
215.548782
0.000000000
vertex
5
386.563599
134.434814
-98.2331314
rodthing
0
1
199.752350
-50.8922272
turnthing
1
2
303.753204
76.0000000
47.0000000
16
movething
3
4
171.000000
128.000000
-10
11
seesawlinkage
2
5
4
297.965607
