0000000000000000000000000000
0111111000011111100001111110
0100001000010000100001000010
1111111111110000111111111111
0100010001000000001000100010
0100010001000000001000100010
0100011111000000001000100010
0100010001000000001000100010
0100010001000000001000100010
1111111111110000111111111111
0100000010011111100000000000
0100000010000000000000000000
0100000010000000000000000000
0100000010000000000000000000
1111111110000000000000000000
0100000100000000000000000000
0100000000000000000000000000
0100000000000000000000000000
0100000000000000000000000000
0100000000000000000000000000
1100000000000000000000000000
0100000000000000000000000000
0100000000000000000000000000
0100000000000000000000000000
0100000000000000000000000000
0100000000000000000000000000
1100000000000000000000000011
0100001111110000111111000010
0111111000011111100001111110
0000000000000000000000000000